0 0
1 844.0887441272608
2 1635.0813886357123
3 2378.260827995464
4 3078.332070582195
5 3739.506125630909
6 4364.392555951722
7 4957.070380126928
8 5518.992012322418
9 6053.671701787637
10 6561.6316739670465
11 7044.92380333231
12 7505.944205349264
13 7944.87465869144
14 8362.869188350409
15 8761.964476812911
16 9142.131288009406
17 9504.276128163607
18 9849.699417440388
19 10178.243956792425
20 10491.098223267121
21 10788.046611721404
22 11070.180860641967
23 11337.664645301275
24 11590.223927157662
25 11829.251882118973
26 12054.011087743034
27 12265.409925232298
28 12463.107883201455
29 12647.55928699735
30 12818.415534033455
31 12976.481459790277
32 13121.387033812209
33 13253.51561339187
34 15463.537191007745
35 16662.486292788482
36 17508.074631318366
37 18179.447005139165
38 18736.81353601279
39 19209.671915369876
40 19614.0928712746
41 19961.45194760456
42 20258.23472022613
43 20509.78814678017
44 20719.94014735839
45 20891.167728462384
46 21026.226445393273
47 21126.183482111737
48 21192.489426491917
49 21226.47449093907
50 21228.90621618354
51 21200.048480385347
52 21141.018151436103
53 21051.997525227864
54 20933.37273266455
55 20785.511734350195
56 20608.57127934808
57 20402.91010275088
58 20168.880805995876
59 19906.467713752627
60 19616.050617977322
61 19297.840127489577
62 18952.073267315885
63 18579.01641131662
64 18178.810025220366
65 17752.108473910594
66 17298.823461670705
67 16819.823750475516
68 16315.270444184784
69 15785.542198820842
70 15231.46446943565
71 14653.381650966776
72 14052.077010274928
73 13428.141049964537
74 12782.237198895422
75 12115.399098732454
76 11428.202534287357
77 10721.780621711305
78 9997.030092358267
79 9255.000367927552
80 8496.72678669399
81 7723.387267775162
82 6936.272646265054
83 6136.556493821051
84 5325.653724997069
85 4504.979658107071
86 3676.017408265999
87 2840.301778399213
88 1999.5024227055321
89 1155.425930505313
90 310.0987857115757
